* Metrics for Multi-class Classification model - Test Data
* MicroAccuracy:    0
* MacroAccuracy:    0
* LogLoss:          
* LogLossReduction: NaN
* 
Confusion table
            ||========================================================
PREDICTED   ||     0 |     1 |     2 |     3 |     4 |     5 |     6 | Recall
TRUTH       ||========================================================
0.    anger ||     0 |     0 |     0 |     0 |     0 |     0 |     0 | 0.0000
1.  disgust ||     0 |     0 |     0 |     0 |     0 |     0 |     0 | 0.0000
2.     fear ||     0 |     0 |     0 |     0 |     0 |     0 |     0 | 0.0000
3.      N/A ||     0 |     0 |     0 |     0 |     0 |     0 |     0 | 0.0000
4.  neutral ||     0 |     0 |     0 |     0 |     0 |     0 |     0 | 0.0000
5.  sadness ||     0 |     0 |     0 |     0 |     0 |     0 |     0 | 0.0000
6. surprise ||     0 |     0 |     0 |     0 |     0 |     0 |     0 | 0.0000
            ||========================================================
Precision   ||0.0000 |0.0000 |0.0000 |0.0000 |0.0000 |0.0000 |0.0000 |
